46379217
46379179
46419558
46446517
46347462
46379190
46446495
46379146
46379207
46419488
46466404
46347410
46379231
46379168
46317595
46379075
46467002
46446291
46466530
46446311
46446314
46446316
46446321
46446328
46393648
46347702
46348155
46310073
46506700
46348197
46429689
46446453
46508947
46132763
46277318
46445787
46277306
46087130
46445854
46424036
46026863
46506785
46423947
46423916
46423811
46414807
46423963
46508349
46508321
46508336
46421663
46508296
46421610
46249460
46445909
46179022
46445940
46262834
46267817
46507104
46507209
46317190
44981344
46317278
46507226
46507163
46507139
46243784
46507188
46507176
46466840
46445987
46209169
46466859
46466813
46446004
46446582
46446120
46446576
46299229
46078976
46454770
46421734
46309000
46446109
46454759
46446071
46421714
46446099
46379468
46379457
46379356
46379482
45191874
46379435
46379444
46379493
46379416
46379399
46227705
46508881
44342741
46446188
46286475
46446330
46466553
46446283
46286770
46298810
46446347
46446268
46446307
46446255
46446247
46429562
46242667
46429508
45980384
46429476
46429544
46429527
46331952
46294817
46298532
46298544
46298550
46452652
45427318
46170257
46452673
46170260
46331747
46452569
46332002
46347762
46093570
46093504
46298706
46332860
46093591
46093553
46421962
46421866
46421971
46421985
46348006
46347966
46347936
46425564
46347991
46425498
46242596
46425454
46509766
46467112
46425351
46425420
46425533
46425595
46429318
46429244
46429338
44246493
46262470
46262467
46262476
46386310
46429075
46299313
46391795
46429060
46428995
46429050
46429089
46427501
46427534
46427553
46427544
46020350
46506995
46506962
46020418
46506932
46506978
46506900
46349065
46510460
46510681
46510667
46242533
46349051
45014370
46349019
46510508
46510627
